1	1	1	1	1	1	1	1	2	3	1	1	1	1	1	1	1	1	1	1	1	1	2	3	1	1	1	1	1	1	1	1
1	1	1	1	1	1	1	1	4	5	6	6	6	6	7	7	6	6	6	6	6	6	4	5	1	1	1	1	1	1	1	1
1	1	1	1	1	1	1	1	6	6	6	6	6	7	8	8	7	6	6	6	6	6	6	6	1	1	1	1	1	1	1	1
1	1	1	1	1	1	1	1	6	6	6	6	6	8	6	6	9	6	6	6	6	6	6	6	1	1	1	1	1	1	1	1
1	1	1	1	1	1	1	1	6	6	6	6	6	6	7	7	8	6	6	6	6	1	1	1	1	1	1	1	1	1	1	1
1	1	1	1	1	1	1	1	6	6	6	6	6	6	8	8	7	6	6	6	1	1	1	1	1	1	1	1	1	1	1	1
1	1	1	1	1	1	1	1	6	6	6	6	6	7	6	6	9	6	6	1	1	1	1	1	1	1	1	1	1	1	1	1
1	1	1	1	1	1	1	1	6	6	6	6	6	8	7	7	8	6	1	1	1	1	1	1	1	1	1	1	1	1	1	1
1	1	1	1	1	1	1	1	6	6	6	6	6	6	8	8	6	1	1	1	1	1	1	1	1	1	1	1	1	1	1	1
1	1	1	1	1	1	1	1	6	6	6	6	6	6	6	6	1	1	1	1	1	1	1	1	1	1	1	1	1	1	1	1
1	1	1	1	1	1	1	1	1	1	1	1	1	1	1	1	1	1	1	1	1	1	1	1	1	1	1	1	1	1	1	1
1	1	1	1	1	1	1	1	1	1	1	1	1	1	1	1	1	1	1	1	1	1	1	1	1	1	1	1	1	1	1	1	