# id	left	top	right	bottom	texture_id
[SPRITES]
#star
17951	380	349	404	373	70
#mushroom
17952	436	349	460	373	70
#plant
17953	408	349	432	373	70
#star moving
17954	410	372	432	394	70
17955	437	396	459	418	70
17956	437	372	459	396	70
#mushroom moving
17957	466	372	488	394	70
17958	467	396	489	418	70
17959	437	372	459	396	70
#plant moving
17960	497	371	519	393	70
17961	495	395	519	419	70
17962	437	372	459	396	70
#success star
17963	4	350	252	420	70
#success mushroom
17964	4	14	252	84	70
#success plant
17965	256	14	504	84	70
# ani_id	sprite1_id	time1	sprite2_id	time2	...
[ANIMATIONS]
#star
1001	17951	100
#mushroom
1002	17952	100
#plant
1003	17953	100

#MOVING
#star
1004	17954	100	17954	100	17956	100
#mushroom
1005	17957	100	17958	100	17959	100
#plant
1006	17960	100	17961	100	17962	100

#SUCCESS
#star
1007	17963	100
#mushroom
1008	17964	100
#plant
1009	17965	100