# id	left	top	right	bottom	texture_id
[SPRITES]
#####  BIG ###############
#IDLE
#right
18000	246	153	260	181	90
#left
18001	186	153	200	181	90

#WALKING RIGHT
18002	275	154	291	180	90
18003	304	154	322	180	90

#WALKING LEFT
18004	155	154	171	180	90
18005	125	154	141	180	90

#RUNNING RIGHT
18006	334	154	356	180	90
18007	334	154	356	180	90
18008	392	154	414	180	90

#RUNNING LEFT
18009	91	154	113	180	90
18010	65	154	87	180	90
18011	34	154	56	180	90


#JUMP WALK RIGHT
18012	395	275	413	303	90
18013	35	275	53	303	90

#JUMP RUN RIGHT & LEFT
18014	394	195	414	223	90
18015	35	195	53	223	90

#SIT RIGHT & LEFT 
18016	426	239	442	257	90
18017	5	239	21	257	90

#KICKINGRIGHT
18018	423	275	445	303	90
#KICKLEFT
18019	2	275	24	303	90

#PIPING
11702	214	153	232	181	30

#DIE
11703	215	120	235	138	30



# ani_id	sprite1_id	time1	sprite2_id	time2	...
[ANIMATIONS]
1020	18000	100
1021	18001	100

#WALKING RIGHT & LEFT 
1022	18000	100	18002	100	18003	100
1023	18001	100	18004	100	18005	100

#JUMP WALK
1024	18012	100
1025	18013	100


#SIT RIGHT & LEFT 
1026	18016	100
1027	18017	100


#KICKRIGHT
1028	18018	100
#KICKLEFT
1029	18019	100

