# id	left	top	right	bottom	texture_id
[SPRITES]
#[RED]
#WALKLEFT
17600	6	130	24	156	10
17601	28	129	46	155	10
#WALKRIGHT
17602	332	129	350	155	10
17603	309	128	327	154	10
#DEFENDDOWN
17604	49	139	67	155	10
17605	70	139	90	155	10

#[GREEN]
#WALKLEFT
17614	417	214	435	242	10
17615	439	214	457	242	10
#WALKRIGHT
17616	367	214	385	242	10
17617	389	214	407	242	10
#DEFENDDOWN
17618	345	223	363	241	10
17619	322	223	342	241	10

#FLYING left
17606	92	130	110	158	10
17607	113	130	131	158	10
17608	135	128	151	156	10
17609	156	128	173	156	10

#FLYING right
17610	435	131	453	161	10
17611	414	131	432	161	10
17612	393	130	411	160	10
17613	371	130	389	160	10

# ani_id	sprite1_id	time1	sprite2_id	time2	...
[ANIMATIONS]
#[RED]
#WALKLEFT
861	17600	200	17601	200
#WALKRIGHT
862	17602	200	17603	200
#DEFEND
863	17604	100
#DEFEND ATTACK
864	17604	100

#[GREEN]
#WALKLEFT
867	17614	200	17615	200
#WALKRIGHT
868	17616	200	17617	200
#DEFEND
869	17618	100
#DEFEND ATTACK
870	17618	100


#FLYINGLEFT
865	17606	100	17607	100	17608	100	17609	100
#FLYINGRIGHT
866	17610	100	17611	100	17612	100	17613	100
