# id	left	top	right	bottom	texture_id
[SPRITES]
#####  BIG ###############
#IDLE
#right
11121	246	153	260	181	30
#left
11111	186	153	200	181	30

#WALKING RIGHT
11222	275	154	291	180	30
11223	304	154	322	180	30

#WALKING LEFT
11212	155	154	170	181	30
11213	125	154	140	181	30

#RUNNING RIGHT
11321	334	154	355	181	30
11322	334	154	355	181	30
11323	392	154	413	181	30

#RUNNING LEFT
11311	91	154	112	181	30
11312	65	154	86	181	30
11313	34	154	55	181	30

#JUMP WALK RIGHT
11417	395	275	412	302	30
11413	35	275	52	302	30

#JUMP RUN RIGHT & LEFT
11427	394	195	413	222	30
11423	35	195	52	222	30

#SIT RIGHT & LEFT 
11521	426	239	441	256	30
11511	5	239	20	256	30

#BRACE RIGHT & LEFT 
11621	425	154	442	181	30
11611	5	154	22	181	30

#DIE
13001	215	120	234	137	30

############ SMALL ################
 #IDLE
12121	247	0	260	15	30
12111	187	0	200	15	30

#WALK RIGHT
12222	275	0	292	15	30
12223	306	0	321	15	30

#WALK LEFT
12212	155	0	170	15	30
12213	125	0	140	15	30

#RUN RIGHT
12321	275	0	290	15	30
12322	306	0	321	15	30
12323	335	0	350	15	30

#RUN LEFT
12311	155	0	170	15	30
12312	125	0	140	15	30
12313	95	0	110	15	30

#BRACE RIGHT & LEFT
12511	6	0	19	15	30
12521	426	0	439	15	30

#JUMP WALK RIGHT & LEFT 
12413	35	80	50	95	30
12417	395	80	410	95	30

#JUMP RUN RIGHT & LEFT 
12423	65	40	80	55	30
12427	365	40	380	55	30



# ani_id	sprite1_id	time1	sprite2_id	time2	...
[ANIMATIONS]
400	11121	100
401	11111	100

#WALKING RIGHT & LEFT 
402	11121	100	11222	100	11223	100
403	11111	100	11212	100	11213	100

#RUNNING RIGHT & LEFT
404	11321	50	11322	50	11323	50
405	11311	50	11312	50	11313	50

#JUMP WALK
406	11417	100
407	11413	100

#JUMP RUN
408	11427	100
409	11423	100

#SIT RIGHT & LEFT 
410	11521	100
411	11511	100

#BRACE RIGHT & LEFT 
412	11621	100
413	11611	100

#DIE
499	13001	100

################### SMALL #################
500	12121	100
501	12111	100


#WALK RIGHT&LEFT
502	12121	100	12222	100	12223	100
503	12111	100	12212	100	12213	100

#RUN  RIGHT&LEFT
504	12321	100	12322	100	12323	100
505	12311	100	12312	100	12313	100

#BRACE  RIGHT&LEFT
506	12511	100
507	12521	100

#JUMP WALK  RIGHT&LEFT
508	12417	100
509	12413	100

#JUMP RUN 
510	12423	100
511	12427	100