# id	left	top	right	bottom	texture_id
[SPRITES]
#WALKING-WING
17700	166	238	187	258	10
17701	189	238	210	258	10
#JUMPING-WING
17702	212	233	233	263	10
17703	236	233	257	263	10

#WALKING-NOWING
17704	107	241	124	258	10
17705	127	241	144	258	10

#DIE
17706	147	248	164	258	10
#DIEUP
17707	308	241	326	257	10
# ani_id	sprite1_id	time1	sprite2_id	time2	...
[ANIMATIONS]
#WALKING
900	17700	200	17701	200
#JUMPING
901	17701	100	17700	100	17702	100	17703	100
#FLYING
902	17701	100	17703	100	17701	100	17703	100	17702	100	17700	100
#NOWING
903	17704	100	17705	100
#DIE
904	17706	100
#DIE UP
905	17707	100